# -------------------------- o --------------------------
# File ID: 16x65536.h5 
# -------------------------- o --------------------------
# Source:TIC98753307
# MJD: 59448.907013888886	RA: 12h29m25.829s	DEC: -9d41m33.786s
# DELTAT:  18.253611	DELTAF(Hz):  -2.793968
# --------------------------
# Top_Hit_# 	Drift_Rate 	SNR 	Uncorrected_Frequency 	Corrected_Frequency 	Index 	freq_start 	freq_end 	SEFD 	SEFD_freq 	Coarse_Channel_Number 	Full_number_of_hits 	
# --------------------------
001	 -0.009566	12338.332031	   7875.000000	   7875.000000	524288	   7875.003266	   7874.996739	0.0	      0.000000	0	26527	
002	 -0.009566	14102.143555	   7872.070312	   7872.070312	524288	   7872.073579	   7872.067052	0.0	      0.000000	1	26527	
003	 -0.009566	15184.160156	   7869.140625	   7869.140625	524288	   7869.143891	   7869.137364	0.0	      0.000000	2	26527	
004	 -0.009566	16870.027344	   7866.210938	   7866.210938	524288	   7866.214204	   7866.207677	0.0	      0.000000	3	26527	
005	 -0.009566	17738.142578	   7863.281250	   7863.281250	524288	   7863.284516	   7863.277989	0.0	      0.000000	4	26527	
006	 -0.009566	17066.269531	   7860.351562	   7860.351562	524288	   7860.354829	   7860.348302	0.0	      0.000000	5	26527	
007	 -0.009566	15871.207031	   7857.421875	   7857.421875	524288	   7857.425141	   7857.418614	0.0	      0.000000	6	26527	
008	 -0.009566	14897.964844	   7854.492188	   7854.492188	524288	   7854.495454	   7854.488927	0.0	      0.000000	7	26527	
009	 -0.009566	14123.156250	   7851.562500	   7851.562500	524288	   7851.565766	   7851.559239	0.0	      0.000000	8	26527	
010	 -0.009566	13282.970703	   7848.632812	   7848.632812	524288	   7848.636079	   7848.629552	0.0	      0.000000	9	26527	
011	 -0.009566	12681.094727	   7845.703125	   7845.703125	524288	   7845.706391	   7845.699864	0.0	      0.000000	10	26527	
012	 -0.009566	12582.931641	   7842.773438	   7842.773438	524288	   7842.776704	   7842.770177	0.0	      0.000000	11	26527	
013	 -0.009566	13169.045898	   7839.843750	   7839.843750	524288	   7839.847016	   7839.840489	0.0	      0.000000	12	26527	
014	 -0.009566	14118.590820	   7836.914062	   7836.914062	524288	   7836.917329	   7836.910802	0.0	      0.000000	13	26527	
015	 -0.009566	14683.807617	   7833.984375	   7833.984375	524288	   7833.987641	   7833.981114	0.0	      0.000000	14	26527	
016	 -0.009566	13978.870117	   7831.054688	   7831.054688	524288	   7831.057954	   7831.051427	0.0	      0.000000	15	26527	
017	 -0.009566	24685.248047	   7828.125000	   7828.125000	524288	   7828.128266	   7828.121739	0.0	      0.000000	16	26527	
018	 -0.009566	9655.879883	   7825.195312	   7825.195312	524288	   7825.198579	   7825.192052	0.0	      0.000000	17	26527	
019	 -0.009566	7931.470703	   7822.265625	   7822.265625	524288	   7822.268891	   7822.262364	0.0	      0.000000	18	26527	
020	 -0.009566	7039.687500	   7819.335938	   7819.335938	524288	   7819.339204	   7819.332677	0.0	      0.000000	19	26527	
021	 -0.009566	6845.923340	   7816.406250	   7816.406250	524288	   7816.409516	   7816.402989	0.0	      0.000000	20	26527	
022	 -0.009566	7162.233887	   7813.476562	   7813.476562	524288	   7813.479829	   7813.473302	0.0	      0.000000	21	26527	
023	 -0.009566	7858.840820	   7810.546875	   7810.546875	524288	   7810.550141	   7810.543614	0.0	      0.000000	22	26527	
024	 -0.009566	8537.144531	   7807.617188	   7807.617188	524288	   7807.620454	   7807.613927	0.0	      0.000000	23	26527	
025	 -0.009566	8885.375977	   7804.687500	   7804.687500	524288	   7804.690766	   7804.684239	0.0	      0.000000	24	26527	
026	 -0.009566	8573.501953	   7801.757812	   7801.757812	524288	   7801.761079	   7801.754552	0.0	      0.000000	25	26527	
027	 -0.009566	7477.481445	   7798.828125	   7798.828125	524288	   7798.831391	   7798.824864	0.0	      0.000000	26	26527	
028	 -0.009566	6358.937500	   7795.898438	   7795.898438	524288	   7795.901704	   7795.895177	0.0	      0.000000	27	26527	
029	 -0.009566	5655.167480	   7792.968750	   7792.968750	524288	   7792.972016	   7792.965489	0.0	      0.000000	28	26527	
030	 -0.009566	5358.814941	   7790.039062	   7790.039062	524288	   7790.042329	   7790.035802	0.0	      0.000000	29	26527	
031	 -0.009566	5434.611816	   7787.109375	   7787.109375	524288	   7787.112641	   7787.106114	0.0	      0.000000	30	26527	
032	 -0.009566	5606.007812	   7784.179688	   7784.179688	524288	   7784.182954	   7784.176427	0.0	      0.000000	31	26527	
033	 -0.009566	10220.136719	   7781.250000	   7781.250000	524288	   7781.253266	   7781.246739	0.0	      0.000000	32	26527	
034	 -0.009566	5854.245605	   7778.320312	   7778.320312	524288	   7778.323579	   7778.317052	0.0	      0.000000	33	26527	
035	 -0.009566	5911.145508	   7775.390625	   7775.390625	524288	   7775.393891	   7775.387364	0.0	      0.000000	34	26527	
036	 -0.009566	5682.416504	   7772.460938	   7772.460938	524288	   7772.464204	   7772.457677	0.0	      0.000000	35	26527	
037	 -0.009566	5126.516602	   7769.531250	   7769.531250	524288	   7769.534516	   7769.527989	0.0	      0.000000	36	26527	
038	 -0.009566	4592.396973	   7766.601562	   7766.601562	524288	   7766.604829	   7766.598302	0.0	      0.000000	37	26527	
039	 -0.009566	4347.489258	   7763.671875	   7763.671875	524288	   7763.675141	   7763.668614	0.0	      0.000000	38	26527	
040	 -0.009566	4472.049805	   7760.742188	   7760.742188	524288	   7760.745454	   7760.738927	0.0	      0.000000	39	26527	
041	 -0.009566	4753.235352	   7757.812500	   7757.812500	524288	   7757.815766	   7757.809239	0.0	      0.000000	40	26527	
042	 -0.009566	4866.045410	   7754.882812	   7754.882812	524288	   7754.886079	   7754.879552	0.0	      0.000000	41	26527	
043	 -0.009566	4690.875000	   7751.953125	   7751.953125	524288	   7751.956391	   7751.949864	0.0	      0.000000	42	26527	
044	 -0.009566	4422.304688	   7749.023438	   7749.023438	524288	   7749.026704	   7749.020177	0.0	      0.000000	43	26527	
045	 -0.009566	4236.604492	   7746.093750	   7746.093750	524288	   7746.097016	   7746.090489	0.0	      0.000000	44	26527	
046	 -0.009566	4130.117676	   7743.164062	   7743.164062	524288	   7743.167329	   7743.160802	0.0	      0.000000	45	26527	
047	 -0.009566	4092.940186	   7740.234375	   7740.234375	524288	   7740.237641	   7740.231114	0.0	      0.000000	46	26527	
048	 -0.009566	4151.560059	   7737.304688	   7737.304688	524288	   7737.307954	   7737.301427	0.0	      0.000000	47	26527	
049	 -0.009566	4737.341797	   7734.375000	   7734.375000	524288	   7734.378266	   7734.371739	0.0	      0.000000	48	26527	
050	 -0.009566	4817.198242	   7731.445312	   7731.445312	524288	   7731.448579	   7731.442052	0.0	      0.000000	49	26527	
051	 -0.009566	5038.050781	   7728.515625	   7728.515625	524288	   7728.518891	   7728.512364	0.0	      0.000000	50	26527	
052	 -0.009566	4964.699219	   7725.585938	   7725.585938	524288	   7725.589204	   7725.582677	0.0	      0.000000	51	26527	
053	 -0.009566	4654.515625	   7722.656250	   7722.656250	524288	   7722.659516	   7722.652989	0.0	      0.000000	52	26527	
054	 -0.009566	4214.949219	   7719.726562	   7719.726562	524288	   7719.729829	   7719.723302	0.0	      0.000000	53	26527	
055	 -0.009566	3773.800537	   7716.796875	   7716.796875	524288	   7716.800141	   7716.793614	0.0	      0.000000	54	26527	
056	 -0.009566	3447.055176	   7713.867188	   7713.867188	524288	   7713.870454	   7713.863927	0.0	      0.000000	55	26527	
057	 -0.009566	3361.707520	   7710.937500	   7710.937500	524288	   7710.940766	   7710.934239	0.0	      0.000000	56	26527	
058	 -0.009566	3473.316406	   7708.007812	   7708.007812	524288	   7708.011079	   7708.004552	0.0	      0.000000	57	26527	
059	 -0.009566	3775.468506	   7705.078125	   7705.078125	524288	   7705.081391	   7705.074864	0.0	      0.000000	58	26527	
060	 -0.009566	4160.861328	   7702.148438	   7702.148438	524288	   7702.151704	   7702.145177	0.0	      0.000000	59	26527	
061	 -0.009566	4379.979004	   7699.218750	   7699.218750	524288	   7699.222016	   7699.215489	0.0	      0.000000	60	26527	
062	 -0.009566	4247.598633	   7696.289062	   7696.289062	524288	   7696.292329	   7696.285802	0.0	      0.000000	61	26527	
063	 -0.009566	3800.983643	   7693.359375	   7693.359375	524288	   7693.362641	   7693.356114	0.0	      0.000000	62	26527	
064	 -0.009566	3314.647461	   7690.429688	   7690.429688	524288	   7690.432954	   7690.426427	0.0	      0.000000	63	26527	
